0,650,0,0,0,0,0,0,0,0,
650,0,1200,1600,0,0,0,0,0,0,
0,1200,0,500,2100,0,0,0,0,3500,
0,1600,500,0,1800,0,0,0,0,0,
0,0,2100,1800,0,1200,0,0,0,2600,
0,0,0,0,1200,0,1900,0,1200,0,
0,0,0,0,0,1900,0,650,0,0,
0,0,0,0,0,0,650,0,1000,450,
0,0,0,0,0,1200,0,1000,0,0,
0,0,3500,0,2600,0,0,450,0,0
